UNDOCUMENTED GAP $5B50-$5F78
Size: 1064 bytes | Largest undocumented region

STATISTICS:
  Non-zero bytes: 192/1064 (18.0%)
  Unique values:  17
  Average value:  22.7
  Data type:      LOW VALUES (possibly flags/offsets)

HEX DUMP:
$5B50: 81 81 81 81 81 81 81 81 81 81 81 81 81 81 81 81  ................
$5B60: 81 81 81 81 81 81 81 81 81 81 81 81 81 81 81 81  ................
$5B70: 81 81 81 81 81 81 81 81 81 81 81 81 81 81 81 81  ................
$5B80: 81 81 81 81 81 81 81 81 81 81 81 81 81 81 81 81  ................
$5B90: 81 81 81 81 81 81 81 81 81 81 81 81 81 81 81 81  ................
$5BA0: 81 81 81 81 81 81 81 81 81 81 81 81 81 81 81 81  ................
$5BB0: 81 81 81 81 81 81 81 81 81 81 81 81 81 81 81 81  ................
$5BC0: 81 81 81 81 81 81 81 81 81 81 81 81 81 81 81 81  ................
$5BD0: 81 81 81 81 81 81 81 81 81 81 81 81 81 81 81 81  ................
$5BE0: 81 81 81 81 81 81 81 81 81 81 81 81 81 81 81 81  ................
$5BF0: 81 81 81 81 81 81 81 81 00 00 00 00 00 00 00 00  ................
$5C00: 00 00 00 00 00 00 00 00 00 00 00 00 00 00 00 00  ................
$5C10: 00 00 00 00 00 00 00 00 00 00 00 00 00 00 00 00  ................
$5C20: 00 00 00 00 00 00 00 00 00 00 00 00 00 03 20 00  .............. .
$5C30: 11 00 00 00 00 00 00 00 00 00 00 00 00 00 00 00  ................
$5C40: 00 00 00 00 00 00 00 00 00 00 00 00 00 00 00 00  ................
$5C50: 00 00 00 00 00 00 00 00 00 00 00 00 00 00 00 00  ................
$5C60: 00 00 00 00 00 00 00 00 00 00 00 00 00 00 00 00  ................
$5C70: 00 00 00 00 00 00 00 00 00 00 00 00 00 00 00 00  ................
$5C80: 00 00 00 00 00 00 00 00 00 00 00 00 00 00 00 00  ................
$5C90: 00 00 00 00 00 00 00 00 00 00 00 00 00 00 00 00  ................
$5CA0: 00 00 00 00 00 00 00 00 00 00 00 00 00 00 00 00  ................
$5CB0: 00 00 00 00 00 00 00 00 00 1A 00 00 00 00 00 00  ................
$5CC0: 00 00 00 00 00 00 00 00 00 00 00 00 00 00 00 00  ................
$5CD0: 00 00 00 00 00 00 00 00 00 00 00 00 00 00 00 00  ................
$5CE0: 20 00 00 00 00 00 00 00 00 00 00 00 00 00 00 00   ...............
$5CF0: 00 00 00 00 00 00 00 00 00 00 00 00 00 00 00 00  ................
$5D00: 00 00 10 00 0F 00 00 00 00 00 00 00 00 00 00 00  ................
$5D10: 00 00 00 00 00 00 00 00 00 00 00 00 00 00 00 00  ................
$5D20: 00 00 00 00 00 00 00 00 00 00 00 00 00 00 00 00  ................
$5D30: 00 00 00 00 00 00 00 00 00 00 00 00 00 00 00 00  ................
$5D40: 00 00 00 00 00 00 00 00 00 00 00 00 00 00 00 00  ................
$5D50: 00 00 00 00 00 00 00 00 00 00 00 00 00 00 00 00  ................
$5D60: 00 00 00 00 00 00 00 00 00 00 00 00 00 00 00 00  ................
$5D70: 00 00 00 00 00 00 00 00 00 00 00 00 00 00 00 00  ................
$5D80: 00 00 00 00 00 00 00 00 00 00 00 00 00 00 00 00  ................
$5D90: 00 00 00 00 00 00 00 00 00 00 00 00 00 00 00 00  ................
$5DA0: 00 00 00 00 00 00 00 00 00 00 00 00 00 00 00 00  ................
$5DB0: 00 00 00 00 00 00 00 00 00 00 00 00 00 00 00 00  ................
$5DC0: 00 00 00 00 00 00 00 00 00 00 00 00 00 00 00 00  ................
$5DD0: 00 00 00 00 00 00 00 00 00 00 00 00 00 00 00 00  ................
$5DE0: 00 00 00 00 00 00 00 00 00 00 00 00 00 00 00 00  ................
$5DF0: 00 00 00 00 00 00 00 00 00 00 00 00 00 00 00 00  ................
$5E00: 00 00 00 00 00 00 00 00 00 00 00 00 00 00 00 00  ................
$5E10: 00 00 00 00 00 00 00 00 00 00 00 00 00 00 00 00  ................
$5E20: 00 00 00 00 00 00 00 00 00 00 00 00 00 00 00 00  ................
$5E30: 00 00 00 00 00 00 00 00 00 00 00 00 00 00 00 00  ................
$5E40: 00 00 00 00 00 00 00 00 00 00 00 00 00 00 00 00  ................
$5E50: 00 00 00 00 00 00 00 00 00 00 00 00 00 00 00 00  ................
$5E60: 00 00 00 00 00 00 00 00 00 00 00 00 00 00 00 00  ................
$5E70: 00 00 00 00 00 00 00 00 00 00 00 00 00 00 00 00  ................
$5E80: 00 00 00 00 00 00 00 00 00 00 00 00 00 00 00 00  ................
$5E90: 00 00 00 00 00 00 00 00 00 00 00 00 00 00 00 00  ................
$5EA0: 00 00 00 00 00 00 00 00 00 00 00 00 00 00 00 00  ................
$5EB0: 00 00 00 00 00 00 00 00 00 00 00 00 00 00 00 00  ................
$5EC0: 00 00 00 00 00 00 00 00 00 00 00 00 00 00 00 00  ................
$5ED0: 00 00 00 00 00 00 00 00 00 00 00 00 00 00 00 00  ................
$5EE0: 00 00 00 00 00 00 00 00 00 00 00 00 00 00 00 00  ................
$5EF0: 00 00 00 00 00 00 00 00 00 00 00 00 00 FF FF FF  ................
$5F00: FF FF FF FF FF 01 00 00 00 00 00 00 00 00 00 00  ................
$5F10: 00 00 00 00 00 00 00 00 00 00 00 3C 00 4B 00 13  ...........<.K..
$5F20: 00 13 00 04 29 0B 61 00 00 00 00 00 00 00 00 00  ....).a.........
$5F30: 00 00 00 00 00 00 00 00 00 00 00 00 00 00 00 00  ................
$5F40: 00 00 00 00 00 00 00 00 00 00 00 00 00 00 00 00  ................
$5F50: 00 00 00 00 00 00 00 00 00 00 00 00 00 00 00 00  ................
$5F60: 00 00 00 00 00 00 00 00 00 00 00 00 00 00 00 00  ................
$5F70: 00 00 00 00 00 00 00 00 00                       .........
